00:37:39
[52, 2]
00:37:47
[216, 11]
00:38:19
[118, 10]
00:38:38
[187, 2]
00:39:03
[40, 2]
00:39:10
[105, 9]
00:39:25
[148, 9]
00:39:56
[160, 16]
00:40:19
[187, 16]
00:40:50
[73, 6]
00:41:01
[165, 4]
00:41:23
[240, 9]
00:42:02
[182, 6]
00:42:28
[83, 9]
00:42:41
[30, 1]
00:42:46
[109, 2]
00:43:01
[153, 13]
00:43:23
[204, 4]
00:43:59
[62, 5]
00:44:09
[52, 0]
8.093458
31.870715
18.54583
25.357104
6.370276
15.568038
30.422342
23.091443
30.940461
11.278977
22.004758
39.020114
26.220828
12.985843
5.14699
15.02663
22.129046
35.685471
10.284907
14.849494
