11:42:47
[39, 2]
11:42:53
[76, 8]
11:43:06
[34, 0]
11:43:11
[55, 4]
11:43:20
[82, 7]
11:43:33
[51, 9]
11:43:42
[47, 0]
11:43:49
[109, 16]
11:44:06
[50, 3]
11:44:14
[32, 2]
11:44:20
[86, 6]
11:44:33
[77, 3]
11:44:45
[54, 6]
11:44:54
[54, 4]
11:45:02
[59, 1]
11:45:11
[75, 8]
11:45:23
[47, 3]
11:45:31
[46, 2]
11:45:40
[68, 11]
11:45:57
[45, 5]
11:46:05
[47, 4]
11:46:13
[58, 4]
11:46:22
[77, 12]
11:46:35
[21, 1]
11:46:39
[126, 8]
11:46:58
[47, 9]
11:47:07
[91, 3]
11:47:20
[24, 2]
11:47:25
[51, 16]
11:47:35
[36, 1]
11:47:41
[68, 2]
11:47:52
[30, 0]
11:47:57
[55, 15]
11:48:07
[85, 6]
11:48:20
[33, 9]
11:48:28
[59, 3]
11:48:37
[69, 4]
11:48:48
[40, 0]
11:48:54
[67, 10]
11:49:05
[63, 3]
11:49:16
[65, 6]
11:49:26
[46, 3]
11:49:34
[84, 9]
11:49:48
[67, 7]
11:49:59
[43, 1]
11:50:06
[82, 3]
11:50:18
[48, 6]
11:50:26
[39, 10]
11:50:34
[78, 4]
11:50:45
[101, 13]
6.655039
12.688055
5.385047
8.612184
12.656352
8.876301
7.186134
17.11455
8.161758
6.137609
13.077764
11.463141
8.918369
8.770637
8.960832
12.047722
7.848669
8.371626
16.868135
8.103348
7.906936
9.438846
13.094859
4.042394
18.996534
8.567106
13.566491
4.658826
10.178676
6.089058
10.487655
5.127987
10.543703
13.129627
7.093243
9.443109
10.789889
6.362047
11.348028
10.235011
10.665975
7.77692
13.712593
10.70942
6.965931
12.009791
8.35209
7.624616
11.819477
16.094949
